90
113
102
165
100
153
103
65
71
86
88
89
142
97
78
123
94
72
65
80
57
41
34
39
29
23
24
14
19
20
22
18
9
14
6
9
6
9
6
5
6
9
5
11
6
0
5
3
8
4
1
0
3
9
18
28
32
26
25
29
26
11
9
8
13
30
11
13
20
21
15
17
39
72
58
32
33
37
49
37
38
46
55
35
38
44
43
46
48
33
30
25
36
55
38
49
44
17
20
39
24
32
40
46
37
30
46
52
57
45
52
33
28
51
45
41
27
32
44
21
16
41
35
27
27
16
27
44
54
38
32
16
18
18
27
10
12
13
9
27
27
37
15
38
35
22
31
46
53
96
164
279
195
240
295
286
321
328
393
262
277
317
438
363
318
292
231
264
192
194
164
163
115
132
152
151
167
126
114
104
101
111
151
124
109
76
60
59
104
120
108
52
84
43
29
108
71
57
61
55
71
70
107
66
48
67
55
89
81
70
104
44
68
78
64
55
69
112
147
71
52
102
83
101
116
110
110
90
63
107
119
134
81
129
115
92
138
134
177
184
190
200
222
263
304
340
377
310
266
339
375
571
538
501
433
428
437
505
527
611
571
619
605
587
677
666
682
938
1016
701
872
1078
1014
1062
1053
1097
926
869
1092